0
-1
-4
-7
15
59
95
138
199
239
248
240
203
144
79
0
-80
-145
-204
-241
-249
-241
-204
-145
-80
0
79
144
203
240
248
240
203
144
79
0
-80
-145
-204
-241
-249
-241
-204
-145
-80
-1
79
144
203
240
248
240
203
144
79
0
-80
-145
-204
-241
-249
-241
-204
-145
-80
0
79
144
203
240
248
240
203
144
79
0
-80
-145
-204
-241
-249
-241
-204
-145
-80
0
79
144
203
240
248
240
203
144
79
-1
-80
-145
-204
-241
-249
-241
-204
-145
-80
-1
79
144
203
240
248
240
203
144
79
0
-80
-145
-204
-241
-249
-241
-204
-145
-80
0
79
144
203
240
248
240
203
144
79
-1
-80
-145
-204
-241
-249
-241
-204
-145
-80
-1
79
144
203
240
248
240
203
144
79
0
-80
-145
-204
-241
-249
-241
-204
-145
-80
-1
79
144
203
240
248
240
203
144
79
-1
-80
-145
-204
-241
-249
-241
-204
-145
-80
0
79
144
203
240
248
240
203
144
79
0
-80
-145
-204
-241
-249
