0
-4
-4
-12
8
52
84
124
188
224
232
224
184
124
60
-16
-96
-160
-220
-264
-264
-264
-220
-164
-100
-20
56
120
184
224
232
224
184
120
56
-20
-100
-164
-220
-264
-264
-264
-220
-164
-100
-20
56
120
184
224
232
224
184
124
60
-16
-96
-160
-220
-264
-264
-264
-220
-160
-96
-16
60
124
184
224
232
224
184
124
60
-16
-96
-160
-220
-264
-264
-264
-220
-164
-100
-20
56
120
184
224
232
224
184
120
56
-20
-100
-164
-220
-264
-264
-264
-220
-164
-100
-20
56
120
184
224
232
224
184
124
60
-16
-96
-160
-220
-264
-264
-264
-220
-160
-96
-16
60
124
184
224
232
224
184
124
60
-16
-96
-160
-220
-264
-264
-264
-220
-164
-100
-20
56
120
184
224
232
224
184
124
60
-16
-96
-160
-220
-264
-264
-264
-220
-164
-100
-20
56
120
184
224
232
224
184
120
56
-20
-100
-164
-220
-264
-264
-264
-220
-160
-96
-16
60
124
184
224
232
224
184
124
60
-16
-96
-160
-220
-264
-264
