0
286
-93
286
393
0
393
286
-93
286
0
-287
92
-287
-394
0
-394
-287
92
-287
-1
286
-93
286
393
0
393
286
-93
286
-1
-287
92
-287
-394
0
-394
-287
92
-287
-1
286
-93
286
393
0
393
286
-93
286
0
-287
92
-287
-394
0
-394
-287
92
-287
0
286
-93
286
393
0
393
286
-93
286
0
-287
92
-287
-394
0
-394
-287
92
-287
-1
286
-93
286
393
0
393
286
-93
286
-1
-287
92
-287
-394
0
-394
-287
92
-287
-1
286
-93
286
393
0
393
286
-93
286
0
-287
92
-287
-394
0
-394
-287
92
-287
0
286
-93
286
393
0
393
286
-93
286
0
-287
92
-287
-394
0
-394
-287
92
-287
-1
286
-93
286
393
0
393
286
-93
286
0
-287
92
-287
-394
0
-394
-287
92
-287
-1
286
-93
286
393
0
393
286
-93
286
-1
-287
92
-287
-394
0
-394
-287
92
-287
0
286
-93
286
393
0
393
286
-93
286
0
-287
92
-287
-394
0
-394
-287
92
-287
-1
